-7.520000000000000018e-01	-7.031111111111111311e-01	-6.355555555555555403e-01	-7.980723886197160777e-01	3.789676278503035789e-01
-7.777777777777777901e-01	-7.164444444444444393e-01	-6.355555555555555403e-01	-8.247143522923481296e-01	3.192400764161044124e-01
-7.048888888888888982e-01	-7.235555555555556184e-01	-6.035555555555556229e-01	-7.564570999445601185e-01	4.483769120143505371e-01
-6.648888888888888626e-01	-7.804444444444444962e-01	-1.866666666666672025e-02	-2.508372230194277908e-01	5.982098647698115279e-01
-7.671111111111111880e-01	-2.346666666666666901e-01	1.475555555555555509e-01	2.816055975420888036e-01	3.363466933302863837e-01
-4.506666666666667154e-01	-3.848888888888888915e-01	1.777777777777778123e-02	4.013844504136596103e-01	3.800570506919528357e-01
4.800000000000004263e-02	-3.528888888888889186e-01	-2.133333333333331527e-02	5.560528931683412779e-01	-1.322738109802974460e-01
4.551111111111110219e-01	1.777777777777778123e-02	1.199999999999999956e-01	-2.015823146237203378e-01	-3.753317814296562860e-01
-5.564444444444445192e-01	8.000000000000007105e-03	1.004444444444443363e-01	4.387015455883893078e-01	-8.548810343211254992e-03
-3.519999999999999796e-01	1.875555555555555864e-01	-6.062222222222222179e-01	7.199256058940048941e-01	1.434607077193229829e-01
-3.333333333333332593e-01	3.111111111111111160e-01	-6.062222222222222179e-01	7.107387993653000446e-01	-7.283604611788709049e-02
-3.306666666666667198e-01	-5.262222222222222578e-01	-2.062222222222223067e-01	3.408468736044741876e-01	6.247543008427142164e-01
3.048888888888889870e-01	-6.373333333333333073e-01	-5.244444444444451570e-02	6.375861675180708454e-01	-9.906379746204280190e-02
1.866666666666660923e-02	-4.364444444444444682e-01	-2.524444444444444713e-01	6.921184641303907981e-01	1.933042707420599970e-01
-1.226666666666665906e-01	-7.457777777777778727e-01	4.266666666666663055e-02	4.353104772087473817e-01	4.197048579437712146e-01
-2.071111111111111347e-01	-7.866666666666667362e-01	-5.875555555555556086e-01	-1.326430465680889237e-01	8.700545830879109488e-01
-7.520000000000000018e-01	-7.626666666666667149e-01	-5.760000000000000675e-01	-8.059296121483114916e-01	3.447982391888979037e-01
-7.902222222222222703e-01	-7.608888888888889479e-01	-5.777777777777777235e-01	-8.294150109430810103e-01	2.844426514763881975e-01
-7.804444444444444962e-01	-7.600000000000000089e-01	-5.777777777777777235e-01	-8.232830412146334709e-01	3.015758275746858175e-01
-7.706666666666667220e-01	-7.653333333333334210e-01	-5.777777777777777235e-01	-8.205651751195282007e-01	3.097945108006129877e-01
-6.151111111111111640e-01	-6.986666666666666581e-01	-5.520000000000000462e-01	-5.965843873547858056e-01	6.288219535298340546e-01
4.622222222222227561e-02	-5.777777777777777235e-01	-7.644444444444442599e-02	6.248574849529741071e-01	1.748086041053693029e-01
1.848888888888889914e-01	3.200000000000000622e-01	1.111111111111110494e-01	-2.679423521263549768e-01	-3.342841482877156323e-01
2.524444444444444713e-01	4.515555555555557099e-01	-7.244444444444444464e-01	1.238427115490242647e-01	-7.063185154891680195e-01
-1.653333333333332211e-01	4.417777777777776027e-01	3.555555555555556246e-02	-6.251843157134773232e-02	-4.692580163715456831e-01
-5.333333333333190041e-03	3.271111111111111303e-01	-2.462222222222223422e-01	1.671362096667109443e-01	-5.716951150303848372e-01
1.333333333333330817e-02	8.444444444444454412e-02	-5.146666666666666057e-01	6.621869881754626208e-01	-2.989138529558073021e-01
-3.306666666666667198e-01	-7.813333333333333242e-01	-2.853333333333333277e-01	-3.920369387316954835e-02	7.860294828241769505e-01
-4.311111111111111116e-01	-4.791111111111110987e-01	5.760000000000000675e-01	1.657564117216147603e-01	-3.688113335577120067e-02
-3.626666666666666372e-01	2.044444444444446507e-01	1.626666666666667371e-01	2.159334896744440346e-01	-3.325728644779783472e-01
3.626666666666666927e-01	4.968888888888889355e-01	-2.808888888888888546e-01	-4.231811678765218243e-01	-4.327695959801156067e-01
4.195555555555554594e-01	3.235555555555555962e-01	-6.684444444444445077e-01	3.377215183097978524e-02	-7.248224118035213603e-01
3.804444444444445850e-01	-3.502222222222222681e-01	-6.586666666666667336e-01	8.393165545948958473e-01	-1.096761219791125286e-01
2.417777777777778692e-01	-6.880000000000000560e-01	-1.039999999999999813e-01	6.788061355601898716e-01	8.392075379748153985e-02
-4.728888888888889142e-01	-7.457777777777778727e-01	4.746666666666667922e-01	1.971444709965028408e-01	2.092514649937112503e-01
-6.951111111111111240e-01	-6.462222222222222534e-01	-1.217777777777777626e-01	-2.272403470434035955e-01	6.483979214282812320e-01
-7.217777777777778514e-01	-6.560000000000000275e-01	-4.426666666666666528e-01	-5.804412154787387257e-01	5.959728014170679877e-01
-7.128888888888889053e-01	-6.515555555555556655e-01	-4.897777777777778119e-01	-6.063670272992599530e-01	5.898717815635361461e-01
-7.128888888888889053e-01	-6.533333333333333215e-01	-4.897777777777778119e-01	-6.083635560142388599e-01	5.880956471857888834e-01
-7.146666666666666723e-01	-6.551111111111111995e-01	-4.897777777777778119e-01	-6.123967669629709620e-01	5.841784498168256512e-01
-5.422222222222221610e-01	-6.453333333333334254e-01	-4.808888888888889213e-01	-3.613409265437865781e-01	7.612241203132921186e-01
4.977777777777769863e-02	-6.311111111111111782e-01	-2.026666666666666616e-01	6.343958078369009712e-01	3.565881931732396981e-01
-2.942222222222222738e-01	-5.564444444444445192e-01	3.600000000000000977e-01	3.261684835423174222e-01	9.693175880819593360e-02
-1.715555555555555722e-01	-4.266666666666666941e-01	-2.364444444444444571e-01	5.815625128437759139e-01	4.051491673278208583e-01
-4.995555555555556415e-01	-4.097777777777777963e-01	3.528888888888890296e-01	2.969001297582748444e-01	1.186433414886837456e-01
-3.706666666666666998e-01	5.928888888888890207e-01	-2.844444444444438336e-02	1.968538287044185875e-02	-5.163645737341275854e-01
-1.804444444444444073e-01	3.306666666666666643e-01	-3.555555555555556246e-02	1.407254520544809484e-01	-4.808023617138968975e-01
-1.377777777777778878e-01	-3.973333333333333162e-01	-1.680000000000000382e-01	6.133477070486628158e-01	2.621449598365954148e-01
3.502222222222224346e-01	-7.946666666666667433e-01	-2.871111111111110947e-01	7.518009340836067089e-01	2.400935975762825136e-01
3.084444444444445210e-01	-6.435555555555555474e-01	-6.755555555555555758e-01	7.521263089031119398e-01	4.666464044868032235e-01
-3.831111111111110690e-01	-7.546666666666667078e-01	-1.751111111111111063e-01	1.415035472913567238e-02	7.320503703550198527e-01
-3.964444444444444327e-01	1.697777777777778052e-01	6.044444444444441178e-02	3.608667752982801513e-01	-2.732492052314262065e-01
1.760000000000000453e-01	3.128888888888889941e-01	-3.315555555555555478e-01	5.393019246709784831e-02	-6.279882770180680307e-01
1.760000000000000453e-01	-2.364444444444444571e-01	-5.706666666666666554e-01	8.045227322561485650e-01	-3.317480984120563248e-02
1.031111111111110423e-01	-6.986666666666666581e-01	-8.355555555555560510e-02	6.233076309506516699e-01	2.565379244443716233e-01
-5.280000000000000249e-01	-5.813333333333333686e-01	-2.640000000000000124e-01	-4.203272460157619905e-02	7.485415464900786464e-01
-7.884444444444445033e-01	-6.800000000000000488e-01	-4.817777777777778048e-01	-7.073865341147415053e-01	4.652692474866907402e-01
-7.706666666666667220e-01	-6.613333333333333286e-01	-5.706666666666666554e-01	-7.390595262461625570e-01	4.546289795606535122e-01
-7.715555555555555500e-01	-6.755555555555555758e-01	-5.813333333333333686e-01	-7.591655848963322351e-01	4.275608006372567105e-01
-7.964444444444445104e-01	-6.622222222222222676e-01	-5.866666666666666696e-01	-7.721025318429526330e-01	4.036107074221048086e-01
-6.471111111111111924e-01	-3.795555555555555904e-01	-5.840000000000000746e-01	-2.351523751964014752e-01	8.002367320467855816e-01
-2.773333333333333206e-01	5.946666666666666767e-01	-3.262222222222222467e-01	2.005485603488705304e-01	-5.894497849689802615e-01
-6.933333333333335791e-02	1.288888888888888307e-01	-6.346666666666667123e-01	7.364209124485046054e-01	-1.496053687762516626e-01
7.253333333333331634e-01	2.284444444444444500e-01	2.426666666666668082e-01	-3.462982519225353828e-01	7.925658950298297700e-02
7.226666666666665684e-01	1.902222222222221815e-01	-5.911111111111111427e-01	-2.624073064349458084e-01	-6.810144372309359095e-01
6.995555555555554861e-01	-5.520000000000000462e-01	-7.822222222222222632e-01	8.594424431989942104e-01	-2.255915504462749910e-01
5.822222222222221966e-01	-7.413333333333333997e-01	-5.804444444444444295e-01	8.729572023047542650e-01	7.447432545231581769e-02
4.897777777777778674e-01	-2.871111111111110947e-01	-3.688888888888888773e-01	5.188806283567656275e-01	-5.326452274640935958e-01
1.573333333333334361e-01	-2.248888888888888049e-01	-1.093333333333333934e-01	4.979577432745365684e-01	-3.352009983027141593e-01
-5.128888888888889497e-01	-7.084444444444444322e-01	9.155555555555550118e-02	9.343665495450825809e-02	5.581020197164221486e-01
-5.875555555555556086e-01	7.111111111111179106e-03	-2.577777777777778834e-02	4.981776400573533770e-01	1.273826941608854901e-01
-1.022222222222222143e-01	-1.955555555555554825e-02	-5.697777777777778274e-01	7.602358897006220584e-01	6.338151605407459088e-02
-1.946666666666666545e-01	-6.906666666666666510e-01	-3.919999999999999596e-01	2.086771871271981826e-01	7.915465776353014515e-01
3.315555555555556033e-01	-7.955555555555555713e-01	-2.995555555555555749e-01	7.431913475879359243e-01	2.808451296318538737e-01
4.506666666666667709e-01	-7.920000000000000373e-01	-3.635555555555556317e-01	8.037984564422101519e-01	1.568491136534596597e-01
-4.257777777777777550e-01	-6.488888888888888484e-01	-1.751111111111111063e-01	8.910529688612101040e-02	7.108289203616489083e-01
-7.813333333333333242e-01	-6.408888888888889523e-01	-2.817777777777777937e-01	-4.832342732918943895e-01	5.958818191792391028e-01
-7.626666666666667149e-01	-6.417777777777777803e-01	-5.644444444444445264e-01	-7.091966282003507871e-01	4.941836581320377952e-01
-7.608888888888889479e-01	-6.444444444444444864e-01	-5.706666666666666554e-01	-7.145624081472546907e-01	4.893837850747292939e-01
-7.680000000000000160e-01	-6.417777777777777803e-01	-5.706666666666666554e-01	-7.188400697323439337e-01	4.826070195056554324e-01
-4.871111111111111058e-01	-5.937777777777777377e-01	-4.888888888888889284e-01	-2.092570748365557842e-01	8.122812258217761983e-01
-1.244444444444443576e-01	-7.359999999999999876e-01	2.480000000000002203e-01	4.067633873608274553e-01	2.149208209995351060e-01
1.466666666666667229e-01	4.337777777777778176e-01	-4.844444444444444553e-01	6.007099931785314650e-02	-6.678141051355415136e-01
1.386666666666666048e-01	-1.884444444444445255e-01	-3.902222222222222481e-01	7.056631848560914744e-01	-1.991328975575810123e-01
1.164444444444444615e-01	-7.208888888888889124e-01	1.448888888888888449e-01	5.274352940350005570e-01	6.566323720037131606e-02
-3.262222222222222467e-01	-3.448888888888889115e-01	5.111111111111112937e-01	1.698599837062540752e-01	-1.049064016097690510e-01
-2.399999999999991029e-02	2.897777777777779118e-01	1.431111111111110779e-01	-1.043115205596089057e-01	-3.969865196594509760e-01
3.111111111111111160e-01	-3.004444444444444584e-01	-4.044444444444444953e-01	7.064994913930611187e-01	-2.822138883879761195e-01
-3.031111111111111089e-01	-7.697777777777777830e-01	3.315555555555556033e-01	2.874596079703923279e-01	2.832931396948782377e-01
-3.351111111111111374e-01	1.955555555555555935e-01	9.955555555555550828e-02	2.668843677732828379e-01	-3.381561797770559208e-01
1.528888888888889630e-01	4.719999999999999751e-01	-3.555555555555534042e-03	-3.388477435160253126e-01	-3.587431745241849157e-01
3.288888888888890083e-01	2.995555555555555749e-01	-5.928888888888889097e-01	1.244575832571085811e-01	-7.020587596001516273e-01
3.235555555555555962e-01	-3.866666666666667140e-01	-6.453333333333334254e-01	8.489839889927874861e-01	2.816871519956430647e-02
4.791111111111112653e-01	-7.840000000000000302e-01	-1.235555555555555296e-01	7.013664765799634271e-01	-1.052887847081205308e-01
-1.964444444444443105e-01	-5.102222222222222436e-01	4.862222222222221113e-01	2.267742725567962192e-01	-6.625940391008422470e-02
-6.311111111111111782e-01	-4.933333333333333459e-01	1.866666666666667584e-01	2.088165330189774016e-01	4.073330616700093776e-01
-7.208888888888889124e-01	-6.915555555555555900e-01	-4.560000000000000164e-01	-6.301920203397032294e-01	5.556074820428145156e-01
-7.102222222222223103e-01	-6.728888888888888697e-01	-5.057777777777777706e-01	-6.403052204127086533e-01	5.631637244630041117e-01
-7.146666666666666723e-01	-6.720000000000000417e-01	-5.191111111111110787e-01	-6.551467427122997789e-01	5.512546167334978486e-01
-7.395555555555556326e-01	-6.720000000000000417e-01	-5.191111111111110787e-01	-6.812932486064948723e-01	5.185927268673758972e-01
-7.084444444444444322e-01	-6.506666666666667265e-01	-5.173333333333334227e-01	-6.237190096100131420e-01	5.826772359818537250e-01
-1.386666666666667158e-01	-7.075555555555556042e-01	-3.048888888888889315e-01	3.317305355729994742e-01	7.131206864034388415e-01
-4.808888888888889213e-01	-5.377777777777776880e-01	4.951111111111110574e-01	2.222451405774641953e-01	7.314140395437862541e-02
-6.026666666666666838e-01	3.475555555555553955e-01	1.208888888888888236e-01	3.008090449520015586e-01	-3.008851875248089169e-01
-5.226666666666667238e-01	-3.280000000000000138e-01	1.600000000000012523e-02	3.835097884786602407e-01	3.843270172583051481e-01
5.600000000000004974e-02	-5.795555555555556015e-01	-2.560000000000000053e-01	6.655306273263200678e-01	3.362103246593365347e-01
4.728888888888889142e-01	-6.800000000000000488e-01	-5.866666666666666696e-01	8.555697363280254653e-01	1.724575102028245155e-01
-4.382222222222222352e-01	-6.800000000000000488e-01	3.839999999999998970e-01	2.445348450756154035e-01	2.441311877910559425e-01
-4.266666666666666941e-01	-2.168888888888890198e-01	2.808888888888889657e-01	3.431067866724467619e-01	-2.562726685210819921e-02
2.133333333333342630e-02	-7.804444444444444962e-01	-7.466666666666676999e-02	5.271479768176026148e-01	4.320828967467600368e-01
4.124444444444446134e-01	3.822222222222215748e-02	-2.648888888888888404e-01	8.406244827219913618e-02	-6.302923457048994482e-01
4.355555555555554736e-01	-7.804444444444444962e-01	-2.542222222222222383e-01	7.708774560582098978e-01	6.143938497848713820e-02
2.373333333333331741e-01	-5.928888888888889097e-01	4.364444444444444127e-01	1.956661991700414105e-01	-2.115334816367101523e-01
-6.728888888888888697e-01	-4.008888888888889057e-01	-3.822222222222226851e-02	1.585604261106532409e-01	5.698904963731129536e-01
-7.137777777777778443e-01	-6.239999999999999991e-01	-2.782222222222222596e-01	-3.753824352299193756e-01	6.643292861704062080e-01
-7.315555555555556255e-01	-6.328888888888888342e-01	-4.213333333333333375e-01	-5.459476281119036711e-01	6.143601996352865413e-01
-7.484444444444444677e-01	-6.337777777777777732e-01	-5.111111111111110716e-01	-6.447959696533552831e-01	5.538488864878783335e-01
-7.484444444444444677e-01	-6.302222222222222392e-01	-5.102222222222222436e-01	-6.402510793437301562e-01	5.581120966349848445e-01
-7.475555555555556397e-01	-6.311111111111111782e-01	-5.102222222222222436e-01	-6.402332901725688030e-01	5.582857205954148139e-01
-7.511111111111111738e-01	-6.213333333333332931e-01	-5.093333333333334156e-01	-6.328252032943858518e-01	5.646158546046426974e-01
-6.480000000000000204e-01	-3.822222222222226851e-02	6.222222222222351107e-03	4.570702080048454352e-01	2.052261568869464536e-01
2.311111111111108229e-02	4.284444444444444056e-01	-1.733333333333333393e-01	-6.561446632737377715e-02	-5.598157046985861029e-01
1.137777777777778665e-01	5.742222222222224115e-01	-2.497777777777777652e-01	-2.914693459179167889e-01	-5.213092950662638891e-01
1.911111111111110095e-01	1.404444444444444828e-01	-4.720000000000000306e-01	4.114322904491856114e-01	-5.698637600461534669e-01
-3.111111111111108940e-02	-4.728888888888889142e-01	1.280000000000000027e-01	4.951082482008403174e-01	-1.925985923663725563e-02
3.191111111111111232e-01	-7.928888888888889763e-01	-8.977777777777773416e-02	6.850018981859192779e-01	9.765731339832081637e-02
6.968888888888891131e-01	-7.351111111111111596e-01	-5.724444444444445335e-01	8.629586788102435735e-01	-1.390242050739945723e-01
7.555555555555557579e-01	-5.733333333333333615e-01	-5.777777777777777235e-01	7.310757587336194074e-01	-4.529718646801650372e-01
7.555555555555557579e-01	-1.253333333333331856e-01	-4.444444444444444753e-01	1.941583984309297461e-02	-7.418713365330080745e-01
6.204444444444445761e-01	1.528888888888889630e-01	3.644444444444443487e-01	-2.844552876545222708e-01	4.277169713631023829e-02
5.831111111111109135e-01	2.284444444444444500e-01	-2.533333333333332993e-01	-3.604460206368655384e-01	-4.871613033437023343e-01
5.591111111111111143e-01	-3.022222222222222254e-01	-5.235555555555555518e-01	6.016606385611178442e-01	-5.324429261453685891e-01
5.217777777777778958e-01	-7.555555555555556468e-01	-4.088888888888875250e-02	6.111624381573980136e-01	-2.441591844266172151e-01
-2.462222222222223422e-01	-7.431111111111111667e-01	3.617777777777777537e-01	3.161517552594450553e-01	2.019661649092549249e-01
-5.306666666666667309e-01	-3.733333333333344051e-02	-8.177777777777783808e-02	5.240489879249010663e-01	1.745099383105602753e-01
-3.866666666666667140e-01	-5.297777777777777919e-01	-5.111111111111110716e-01	2.924971614141971821e-02	8.363415562587446228e-01
-7.777777777777777901e-01	-6.800000000000000488e-01	-5.120000000000000107e-01	-7.202464372658022862e-01	4.609521907308992694e-01
-7.422222222222222276e-01	-6.480000000000000204e-01	-5.520000000000000462e-01	-6.855233227551403852e-01	5.227291095700661305e-01
-7.422222222222222276e-01	-6.497777777777777874e-01	-5.520000000000000462e-01	-6.873049014407057733e-01	5.206798922363896631e-01
-7.439999999999999947e-01	-6.480000000000000204e-01	-5.520000000000000462e-01	-6.873438114185649317e-01	5.203330019687035790e-01
-6.800000000000000488e-01	-6.426666666666667194e-01	-5.511111111111111072e-01	-6.098677025232053239e-01	6.082325876628618122e-01
-1.244444444444443576e-01	-6.293333333333334112e-01	-3.128888888888888831e-01	4.360102863915866767e-01	6.457948922123907254e-01
-6.400000000000005684e-02	-4.817777777777778048e-01	3.795555555555554239e-01	2.913807293185898817e-01	-1.109987761131724371e-01
-1.244444444444443576e-01	1.644444444444445041e-01	8.177777777777772705e-02	1.564639375271622557e-01	-4.122827160895770060e-01
1.946666666666667656e-01	5.164444444444444837e-01	-4.337777777777777621e-01	-1.696202731289049859e-01	-6.303408305940237932e-01
1.128888888888889275e-01	9.777777777777663104e-03	-5.164444444444444837e-01	6.625325471236775954e-01	-3.318529497308564946e-01
1.964444444444445326e-01	-6.853333333333333499e-01	-1.875555555555554754e-01	6.950535980083457632e-01	2.182844551352494111e-01
7.822222222222221522e-01	-7.253333333333333854e-01	-3.031111111111111089e-01	6.304904813123984875e-01	-4.726475428688554081e-01
6.062222222222219958e-01	-7.920000000000000373e-01	-4.737777777777778532e-01	8.542189217490427922e-01	8.018059830624257867e-03
3.342222222222224204e-01	-6.586666666666667336e-01	2.195555555555557259e-01	4.044196004961870816e-01	-2.317578940199211401e-01
-4.417777777777778248e-01	-1.155555555555555225e-01	-3.288888888888885642e-02	5.195093981568454922e-01	1.310896314690831732e-01
4.800000000000004263e-02	3.706666666666666998e-01	-2.568888888888888333e-01	5.745963276341026216e-02	-5.951926989382319011e-01
1.662222222222222712e-01	2.888888888888889728e-01	-5.928888888888889097e-01	3.536616305070338084e-01	-6.208955883091509254e-01
1.119999999999998774e-01	-5.102222222222222436e-01	-2.319999999999999840e-01	7.071600011793759410e-01	1.453729896934014831e-01
-1.644444444444443931e-01	-3.422222222222222054e-01	-1.200000000000001066e-01	6.029819904100881534e-01	1.795301062873617126e-01
-6.213333333333332931e-01	-6.782222222222222818e-01	5.333333333333412085e-03	-6.072126427930046866e-02	6.138114032478007021e-01
-7.253333333333333854e-01	-6.026666666666666838e-01	-5.297777777777777919e-01	-5.995546515206504612e-01	6.046305811510503947e-01
-7.253333333333333854e-01	-6.257777777777777661e-01	-5.386666666666666270e-01	-6.331969036574085496e-01	5.766759701955821438e-01
-7.324444444444444535e-01	-6.542222222222222605e-01	-4.897777777777778119e-01	-6.314518557512553976e-01	5.633801742486164166e-01
-7.751111111111111951e-01	-7.342222222222222205e-01	-6.453333333333334254e-01	-8.382410857405233617e-01	2.896584166353671774e-01
-6.951111111111111240e-01	-7.671111111111111880e-01	-5.028444444444444272e-01	-7.154661702542572943e-01	4.775748629390950684e-01
-2.871111111111110947e-01	8.088888888888889905e-02	-4.213333333333333375e-01	6.939166958113881511e-01	3.662819025761951397e-02
-3.066666666666666430e-01	2.186666666666665648e-01	-1.964444444444443105e-01	5.038518062705513723e-01	-2.900326991321884873e-01
-1.155555555555555225e-01	6.106666666666669130e-01	-5.431111111111111001e-01	1.936168659061424102e-01	-6.481734641717455947e-01
2.986666666666666359e-01	2.746666666666668366e-01	-5.680000000000000604e-01	1.792565919086999970e-01	-6.874560459167042836e-01
2.640000000000000124e-01	-5.715555555555555944e-01	-1.128888888888888165e-01	6.639440749785532336e-01	-8.186355997428595987e-02
2.257777777777778550e-01	-6.933333333333333570e-01	5.502222222222223902e-01	1.443043547056197529e-01	-1.647699427564480734e-01
-6.897777777777778230e-01	-8.622222222222231114e-02	4.631111111111110290e-01	2.046808654643726688e-01	-8.743195396226688398e-02
-2.924444444444443958e-01	4.213333333333333375e-01	-5.955555555555558378e-02	1.682690609012129357e-01	-4.865259349986129633e-01
5.537777777777781463e-01	-7.253333333333333854e-01	-7.466666666666676999e-02	6.041006709127199059e-01	-2.970582904907793642e-01
5.786666666666664405e-01	-5.599999999999993872e-02	-1.813333333333334574e-01	-6.446138589806951757e-02	-6.063524253743228787e-01
2.382222222222223351e-01	-5.208888888888889568e-01	-5.564444444444445192e-01	7.985819380784624499e-01	2.857048345576249648e-01
0.000000000000000000e+00	-5.164444444444444837e-01	5.671111111111113434e-01	1.088716255448842346e-01	-1.428362786918706551e-01
2.702222222222223635e-01	-7.902222222222222703e-01	5.777777777777781676e-02	6.013583226302620099e-01	3.421267856412407715e-02
-2.666666666666667185e-01	-7.324444444444444535e-01	-3.715555555555555278e-01	5.329443678108142235e-02	8.141257361632345813e-01
-5.688888888888888884e-01	-6.471111111111111924e-01	-5.697777777777778274e-01	-4.869389925161528021e-01	7.163034836180290910e-01
-7.306666666666666865e-01	-6.124444444444444580e-01	-5.840000000000000746e-01	-6.612259414049426187e-01	5.589219576942978662e-01
-7.422222222222222276e-01	-6.506666666666667265e-01	-5.520000000000000462e-01	-6.881930056528151596e-01	5.196529546114171394e-01
-7.422222222222222276e-01	-6.497777777777777874e-01	-5.520000000000000462e-01	-6.873049014407057733e-01	5.206798922363896631e-01
-7.431111111111111667e-01	-6.480000000000000204e-01	-5.520000000000000462e-01	-6.864346125862900161e-01	5.215318501076158242e-01
-6.613333333333333286e-01	-5.680000000000000604e-01	-1.582222222222221530e-01	-1.177369179754519657e-01	6.835880660749666937e-01
-5.893333333333333757e-01	-1.502222222222222570e-01	5.066666666666665986e-01	1.647078575538667988e-01	-1.105447547396071206e-01
-2.995555555555555749e-01	4.088888888888890794e-01	-1.404444444444443718e-01	2.681534993532075362e-01	-4.797811028803781741e-01
-4.533333333333322557e-02	6.097777777777779740e-01	-3.751111111111111729e-01	-5.665570099019062722e-02	-6.347218157323050169e-01
9.955555555555550828e-02	4.355555555555568059e-02	-4.337777777777777621e-01	5.777773416081030122e-01	-4.058542714284472108e-01
8.444444444444454412e-02	-6.586666666666667336e-01	1.600000000000012523e-02	5.898934872526603312e-01	1.410801844833664831e-01
-6.124444444444444580e-01	-5.644444444444445264e-01	5.262222222222219248e-01	1.830736790083677956e-01	1.130203845275347674e-01
-3.137777777777778221e-01	2.115555555555554967e-01	2.311111111111112670e-01	1.110016469206775991e-01	-3.426496808558786578e-01
1.315555555555555367e-01	4.968888888888889355e-01	-4.800000000000004263e-02	-3.295551951558146064e-01	-3.953914835150615925e-01
2.728888888888887365e-01	5.484444444444445121e-01	0.000000000000000000e+00	-4.610698193770284559e-01	-1.928137950053704364e-01
5.751111111111111285e-01	3.244444444444445352e-01	-3.573333333333333361e-01	-4.051719039696116686e-01	-4.939555703892065663e-01
7.537777777777781019e-01	-7.742222222222222561e-01	-2.337777777777777510e-01	6.386926873662338577e-01	-4.178886919344445561e-01
9.333333333333337922e-02	-7.431111111111111667e-01	-2.346666666666666901e-01	5.985770113973062356e-01	4.678933689040165045e-01
8.533333333333337212e-02	-6.311111111111100680e-02	-2.471111111111111702e-01	5.300702728397639341e-01	-3.665274873329393834e-01
-3.688888888888888773e-01	2.773333333333332096e-01	3.733333333333332948e-02	2.820355422266056511e-01	-3.686327354527970668e-01
-1.306666666666665977e-01	-2.933333333333333348e-01	-4.835555555555556273e-01	6.654195779737546168e-01	4.234253852230813742e-01
-6.488888888888888484e-01	-3.119999999999999996e-01	-5.225777777777778077e-01	-7.542275705625391125e-02	8.013600871251402857e-01
-7.524088888888889048e-01	-6.974222222222222767e-01	-4.977777777777777635e-01	-7.019954618771607757e-01	4.845016771839729675e-01
-7.534755555555555651e-01	-6.961777777777777843e-01	-5.866666666666666696e-01	-7.644525327685834926e-01	4.238658889715115619e-01
-7.535911111111111005e-01	-6.960000000000000631e-01	-6.133333333333333970e-01	-7.810266451537546395e-01	4.037028044748612876e-01
