-7.084444444444444322e-01	-7.760000000000000231e-01	-5.377777777777776880e-01	-7.593381916339867477e-01	4.231606416226245670e-01
-7.262222222222222134e-01	-7.893333333333333313e-01	-5.377777777777776880e-01	-7.834112400965518308e-01	3.786100973832193795e-01
-6.560000000000000275e-01	-5.102222222222222436e-01	-3.582222222222221641e-01	-2.197315010384931488e-01	7.481315149535986420e-01
-1.119999999999999885e-01	-1.306666666666665977e-01	-2.551111111111110663e-01	6.592896319343511946e-01	-4.440990919620435573e-02
8.533333333333337212e-02	4.639999999999999680e-01	-2.862222222222222667e-01	-8.852882915978871337e-02	-6.005388966650566651e-01
1.973333333333334716e-01	1.093333333333332824e-01	-5.955555555555556158e-01	5.536717394418635418e-01	-4.990305355028930578e-01
1.902222222222221815e-01	-2.586666666666667114e-01	-5.671111111111111214e-01	8.079444659513124183e-01	-2.535089099080581332e-02
-4.151111111111111529e-01	-6.711111111111111027e-01	-6.222222222222217880e-02	1.548320857651496185e-01	6.384544364634323621e-01
-2.915555555555555678e-01	-7.102222222222223103e-01	5.715555555555558165e-01	2.039564115236963682e-01	2.885498086032151077e-02
-1.448888888888888449e-01	-6.782222222222222818e-01	3.422222222222222054e-01	3.633452528920431135e-01	1.024855217668385055e-01
1.902222222222221815e-01	-6.933333333333333570e-01	-2.462222222222223422e-01	6.991596854398738348e-01	2.939000656934553368e-01
6.728888888888888697e-01	-5.137777777777778887e-01	-2.542222222222222383e-01	4.752132019973069887e-01	-5.588134823394754758e-01
3.057777777777777040e-01	-7.022222222222229693e-02	-2.693333333333333135e-01	3.581139590231016134e-01	-5.502487282511379085e-01
-3.866666666666667140e-01	-2.133333333333333748e-01	-2.933333333333321136e-02	5.181577572588920155e-01	1.852679734853232285e-01
-6.035555555555556229e-01	-7.520000000000000018e-01	-1.146666666666666945e-01	-2.327214339190933901e-01	6.600015955254323607e-01
-6.595555555555555616e-01	-7.973333333333333384e-01	-2.568888888888888333e-01	-4.952297944099404159e-01	5.979970978475523946e-01
-7.955555555555555713e-01	-7.848888888888889692e-01	-6.142222222222222250e-01	-8.596858158904723268e-01	2.085575545778740880e-01
-7.946666666666667433e-01	-7.813333333333333242e-01	-6.151111111111111640e-01	-8.581915166177042087e-01	2.145536480871404750e-01
-7.973333333333333384e-01	-7.733333333333334281e-01	-6.160000000000001030e-01	-8.562739030302515264e-01	2.211611260089122455e-01
-7.991111111111111054e-01	-7.742222222222222561e-01	-6.160000000000001030e-01	-8.574200047874813713e-01	2.168492080374530562e-01
-7.182222222222223174e-01	-7.128888888888889053e-01	-6.151111111111111640e-01	-7.665109609838555160e-01	4.337134148488082652e-01
-3.013333333333332864e-01	-7.439999999999999947e-01	-4.808888888888889213e-01	-1.225852209334410275e-01	8.436251968133858803e-01
1.795555555555556904e-01	-6.853333333333333499e-01	-6.755555555555547986e-02	6.496530503791124733e-01	1.299093688579397998e-01
3.680000000000003268e-01	-7.111111111111179106e-03	1.306666666666667087e-01	-1.171594417825393419e-01	-4.048609199321314134e-01
4.773333333333333872e-01	3.644444444444443487e-01	-5.395555555555555660e-01	-2.235851760995342108e-01	-6.543086844430098248e-01
4.639999999999999680e-01	-1.564444444444443860e-01	-6.097777777777777519e-01	6.055528635332753096e-01	-5.235812044281533684e-01
3.911111111111111871e-01	-7.582222222222222419e-01	-3.635555555555556317e-01	7.902189973326749772e-01	2.020766942049937454e-01
4.471111111111114589e-01	-7.288888888888889195e-01	3.706666666666666998e-01	2.453591994984395397e-01	-2.708855994328640548e-01
-4.391111111111111187e-01	-4.266666666666666941e-01	4.337777777777778176e-01	2.604897251084727361e-01	3.192283777968618619e-02
-8.355555555555560510e-02	4.462222222222220758e-01	-5.528888888888888742e-01	3.932043126401746358e-01	-5.628968729675987159e-01
-2.044444444444437625e-02	1.057777777777779704e-01	-7.555555555555556468e-01	7.756402171088812025e-01	-7.614586362494293881e-02
-1.866666666666672025e-02	-5.324444444444444979e-01	-4.035555555555556118e-01	6.142972622232500957e-01	5.143375133635869068e-01
3.191111111111111232e-01	-7.146666666666666723e-01	-1.644444444444443931e-01	7.181156325140172214e-01	6.428169346476156343e-02
7.377777777777783097e-02	-7.520000000000000018e-01	3.128888888888889941e-01	4.141746868168307838e-01	1.363561875537183665e-02
-4.800000000000000377e-01	-6.480000000000000204e-01	2.488888888888891593e-01	2.329521658494345671e-01	3.760391159251084137e-01
-6.755555555555555758e-01	-6.675555555555555687e-01	-3.893333333333333091e-01	-4.882353273049530040e-01	6.523649441971322016e-01
-7.884444444444445033e-01	-7.528888888888889408e-01	-5.315555555555555589e-01	-7.983517760867555602e-01	3.362616777629310327e-01
-7.902222222222222703e-01	-7.635555555555556539e-01	-5.324444444444444979e-01	-8.068156858370356677e-01	3.180383304910557318e-01
-7.911111111111112093e-01	-7.635555555555556539e-01	-5.324444444444444979e-01	-8.073695383064342090e-01	3.166296877885574346e-01
-7.911111111111112093e-01	-7.626666666666667149e-01	-5.324444444444444979e-01	-8.068188841405102840e-01	3.178638268948151269e-01
-4.488888888888889483e-01	-3.928888888888888986e-01	-5.173333333333334227e-01	1.260284426889733966e-01	8.077054403787506942e-01
3.040000000000000480e-01	-6.853333333333333499e-01	-4.968888888888888800e-01	7.700853981447032259e-01	3.634172362571501669e-01
-4.560000000000000164e-01	-6.595555555555555616e-01	2.933333333333334458e-01	2.472701833438140095e-01	3.285686148231343751e-01
-5.688888888888888884e-01	-1.742222222222221673e-01	3.937777777777780042e-01	2.602517113457560871e-01	-4.495261443616638264e-02
-2.693333333333333135e-01	1.902222222222221815e-01	-4.622222222222216459e-02	3.677427032423260522e-01	-3.521833366918557529e-01
6.488888888888888484e-02	5.280000000000002469e-01	-1.493333333333333179e-01	-2.510905888301916966e-01	-4.984062850246161469e-01
2.577777777777778834e-01	4.417777777777776027e-01	-4.560000000000000164e-01	-1.228350870945364437e-01	-6.506301194182451120e-01
1.848888888888889914e-01	-3.555555555555534042e-03	-4.186666666666667425e-01	5.413547923963296649e-01	-4.577747407208617725e-01
-1.457777777777777839e-01	-5.786666666666666625e-01	1.262222222222222356e-01	4.773777223827186944e-01	1.996831353004214216e-01
-2.488888888888889372e-01	-5.502222222222222792e-01	5.084444444444444766e-01	2.236966024700079714e-01	-3.246108861277402502e-02
-4.088888888888889683e-01	-4.462222222222222978e-01	-3.057777777777777595e-01	2.753018669217685011e-01	6.930982348705199136e-01
1.066666666666667984e-01	-4.702222222222222081e-01	-3.528888888888889186e-01	7.408332906355525882e-01	2.125740230677714837e-01
5.413333333333332220e-01	-3.004444444444444584e-01	-2.862222222222222667e-01	3.988882121201052788e-01	-5.860504668330902556e-01
3.200000000000000622e-01	-4.711111111111121463e-02	-2.311111111111111560e-01	2.757649523932889091e-01	-5.705798693450052639e-01
-2.284444444444444500e-01	-6.897777777777778230e-01	-1.057777777777777484e-01	3.400326966178238708e-01	5.949510097478720727e-01
-5.777777777777777235e-01	-6.702222222222222747e-01	-1.448888888888888449e-01	-1.240120002549191802e-01	6.927122137702204085e-01
-7.004444444444444251e-01	-6.942222222222222960e-01	-4.577777777777777835e-01	-6.118540692665780378e-01	5.769488565363739552e-01
-7.173333333333333783e-01	-7.208888888888889124e-01	-4.675555555555555576e-01	-6.661606888105453539e-01	5.224176068031534115e-01
-7.315555555555556255e-01	-7.244444444444444464e-01	-4.675555555555555576e-01	-6.838958689764171872e-01	4.995428490315549919e-01
-7.324444444444444535e-01	-7.244444444444444464e-01	-4.675555555555555576e-01	-6.847666936481029420e-01	4.983484653250342955e-01
-3.964444444444444327e-01	-6.951111111111111240e-01	-4.373333333333334072e-01	-1.631412179043054134e-01	8.185066200185899810e-01
-3.288888888888885642e-02	-6.933333333333333570e-01	1.955555555555554825e-02	5.284810832569735162e-01	3.055315358018350080e-01
-7.128888888888889053e-01	-5.573333333333333472e-01	3.528888888888890296e-01	1.489734829406625938e-01	3.121587812955158303e-01
-2.897777777777778008e-01	-5.528888888888888742e-01	-3.377777777777777324e-01	2.878845007510573151e-01	7.229137496063242629e-01
3.004444444444445139e-01	-7.048888888888888982e-01	-2.666666666666667185e-01	7.499761610290396341e-01	1.718835796464665278e-01
4.648888888888889070e-01	-7.004444444444444251e-01	3.182222222222224062e-01	2.668007512256757585e-01	-2.984158102518778000e-01
-5.324444444444444979e-01	-4.257777777777777550e-01	3.422222222222222054e-01	2.894982818690315374e-01	1.590524696489587497e-01
-2.595555555555555394e-01	-4.106666666666666798e-01	-3.191111111111111232e-01	4.926804553518352447e-01	5.592305741080615400e-01
-4.435555555555555918e-01	-6.417777777777777803e-01	-1.502222222222222570e-01	9.211780054798549000e-02	6.959037295021658354e-01
-1.519999999999999130e-01	1.484444444444444899e-01	-3.422222222222222054e-01	5.845701855130569502e-01	-2.914478946937891779e-01
-3.324444444444444313e-01	-5.804444444444444295e-01	-3.724444444444444113e-01	1.629491408931595386e-01	7.796657231015758915e-01
-7.315555555555556255e-01	-6.595555555555555616e-01	-3.662222222222222268e-01	-5.262328727497659342e-01	6.093540798461961616e-01
4.177777777777780255e-02	-6.773333333333333428e-01	-3.840000000000000635e-01	5.576393365478924391e-01	5.930943721442020200e-01
4.186666666666665204e-01	-6.737777777777778088e-01	-2.657777777777777795e-01	7.631735376280781580e-01	-4.836567979143968632e-02
-2.862222222222222667e-01	-6.720000000000000417e-01	-2.897777777777778008e-01	1.737157757783398537e-01	7.555147558232927496e-01
-7.973333333333333384e-01	-7.253333333333333854e-01	-3.404444444444444384e-01	-6.435177285594630980e-01	4.806493072099172204e-01
-7.511111111111111738e-01	-7.404444444444444606e-01	-5.324444444444444979e-01	-7.625799356118514449e-01	4.094882709435256340e-01
-7.511111111111111738e-01	-7.404444444444444606e-01	-5.324444444444444979e-01	-7.625799356118514449e-01	4.094882709435256340e-01
-7.511111111111111738e-01	-7.404444444444444606e-01	-5.324444444444444979e-01	-7.625799356118514449e-01	4.094882709435256340e-01
-7.511111111111111738e-01	-7.404444444444444606e-01	-5.324444444444444979e-01	-7.625799356118514449e-01	4.094882709435256340e-01
-5.866666666666666696e-01	-6.755555555555555758e-01	-5.288888888888889639e-01	-5.110083852084252865e-01	6.905808908962898229e-01
-3.066666666666666430e-01	-1.066666666666666874e-01	-4.959999999999999964e-01	6.383885362332746283e-01	4.065401233033762440e-01
-2.888888888888889728e-01	3.964444444444443771e-01	-4.497777777777778319e-01	5.508623285117092427e-01	-3.698505027160648995e-01
-2.879999999999999227e-01	2.373333333333331741e-01	2.160000000000001918e-01	8.545433684143319275e-02	-3.596554875314995625e-01
-2.844444444444443887e-01	9.600000000000008527e-02	-4.115555555555555078e-01	6.886449801969765083e-01	1.950464457725509249e-03
-2.977777777777776969e-01	-5.431111111111111001e-01	-5.875555555555556086e-01	8.600382052674807043e-02	8.543227215352056092e-01
4.266666666666663055e-02	-7.831111111111112022e-01	-2.533333333333332993e-01	5.076119189034881130e-01	5.832843985616138482e-01
5.253333333333332078e-01	-6.657777777777778017e-01	1.955555555555554825e-02	4.920429451824452904e-01	-3.529423009712836512e-01
5.982222222222222108e-01	-3.217777777777778292e-01	4.577777777777778390e-01	-1.467016468658220996e-01	-1.807671927163421732e-01
3.724444444444445779e-01	1.520000000000000240e-01	2.008888888888888946e-01	-2.733414884613731832e-01	-2.557605498687240408e-01
2.826666666666666217e-01	1.600000000000012523e-02	-6.106666666666666909e-01	5.900745777843370288e-01	-4.901030541868284240e-01
7.022222222222229693e-02	-6.542222222222222605e-01	-5.182222222222222507e-01	5.517175484627681037e-01	6.520683810498378863e-01
8.444444444444454412e-02	-7.786666666666667291e-01	2.088888888888889017e-01	4.859299140693337793e-01	1.025406695129171819e-01
1.777777777777778123e-02	2.551111111111110663e-01	-2.133333333333333748e-01	2.031102625996457078e-01	-5.498091174408151760e-01
-3.822222222222222410e-01	-3.493333333333333290e-01	-1.484444444444444899e-01	4.658401899168065907e-01	4.486475625964834180e-01
-6.986666666666666581e-01	-6.728888888888888697e-01	-2.417777777777777581e-01	-3.814386980127361659e-01	6.496921219019545779e-01
-7.324444444444444535e-01	-7.804444444444444962e-01	-4.648888888888889070e-01	-7.325390273780312267e-01	4.329271571805839991e-01
-7.626666666666667149e-01	-7.680000000000000160e-01	-4.942222222222222849e-01	-7.673580980072538527e-01	3.838987861045495831e-01
-7.626666666666667149e-01	-7.680000000000000160e-01	-4.942222222222222849e-01	-7.673580980072538527e-01	3.838987861045495831e-01
-7.617777777777777759e-01	-7.680000000000000160e-01	-4.942222222222222849e-01	-7.666868998133091750e-01	3.852374932486634096e-01
-7.368888888888889266e-01	-3.102222222222221770e-01	-4.942222222222222849e-01	-1.816806106440830293e-01	7.744208230387725767e-01
-5.173333333333334227e-01	2.097777777777776187e-01	-4.604444444444444895e-01	6.609650054757818527e-01	1.916534433009417504e-01
-4.906666666666667509e-01	2.079999999999999627e-01	2.586666666666666003e-01	1.964061123375104301e-01	-2.842868420635384918e-01
-1.155555555555555225e-01	-6.044444444444445619e-01	7.644444444444442599e-02	5.010305679741562379e-01	2.425585632818426651e-01
4.435555555555557028e-01	7.377777777777783097e-02	-1.119999999999999885e-01	-1.226574610755551686e-01	-5.403871151766030945e-01
6.239999999999998881e-01	3.404444444444445494e-01	-5.742222222222223005e-01	-3.478042341640110724e-01	-6.108988603774960779e-01
3.511111111111113736e-01	8.711111111111113914e-02	-4.159999999999999809e-01	2.374276494942262894e-01	-6.498019533114525181e-01
-8.800000000000007816e-02	-5.368888888888889710e-01	-2.417777777777777581e-01	5.796580981858887593e-01	4.462151921691145384e-01
-5.137777777777778887e-01	-7.520000000000000018e-01	-2.275555555555556220e-01	-2.183503642104339393e-01	7.254049771443561445e-01
-2.871111111111110947e-01	-5.511111111111111072e-02	-2.266666666666667940e-01	6.307442352663249485e-01	5.209500091893273788e-02
3.386666666666666714e-01	2.355555555555555181e-01	-2.266666666666667940e-01	-1.249537761806244207e-01	-5.803302891961295007e-01
5.964444444444443327e-01	3.271111111111111303e-01	-6.648888888888888626e-01	-2.231175623983522316e-01	-6.891886609771692429e-01
5.706666666666666554e-01	-1.519999999999999130e-01	-7.697777777777777830e-01	6.122872479667766932e-01	-5.620520513928408679e-01
3.386666666666666714e-01	-6.248888888888889381e-01	-7.422222222222222276e-01	7.661000480133897117e-01	4.553859273111250383e-01
-3.093333333333333490e-01	-7.448888888888889337e-01	-2.897777777777778008e-01	4.019792290023227466e-02	7.836631535636964241e-01
-7.448888888888889337e-01	-7.075555555555556042e-01	-3.377777777777768442e-02	-2.761376199270378917e-01	5.840811229448760189e-01
-7.795555555555555571e-01	-7.306666666666666865e-01	-4.551111111111111884e-01	-7.239580164008234675e-01	4.334048932316710290e-01
-7.937777777777778043e-01	-8.000000000000000444e-01	-5.644444444444445264e-01	-8.446783345098295426e-01	2.334357638634459442e-01
-7.795555555555555571e-01	-7.680000000000000160e-01	-5.831111111111111356e-01	-8.300280599499827439e-01	2.871147521969396599e-01
-7.813333333333333242e-01	-7.920000000000000373e-01	-5.831111111111111356e-01	-8.434293923724384134e-01	2.494650501354646055e-01
-5.964444444444444438e-01	-7.635555555555556539e-01	-5.760000000000000675e-01	-6.658740246395707940e-01	5.701870511237298045e-01
-1.262222222222223467e-01	-6.924444444444445290e-01	-2.800000000000000266e-01	3.809367691552024704e-01	6.734388277447828086e-01
-2.817777777777777937e-01	-6.160000000000001030e-01	3.475555555555553955e-01	3.312735692886437100e-01	1.440633253669995062e-01
-4.622222222222222010e-01	-1.217777777777777626e-01	3.439999999999998614e-01	2.716484820906338582e-01	-1.105161315709844994e-01
-3.360000000000000209e-01	3.128888888888889941e-01	3.555555555555556246e-02	2.261843764955901448e-01	-4.072263472142463869e-01
-7.199999999999995293e-02	3.377777777777777324e-01	-1.075555555555555154e-01	9.313124900536964845e-02	-5.266086525255627704e-01
6.755555555555559089e-02	3.235555555555555962e-01	-6.666666666666667407e-01	4.865466165823347788e-01	-5.378596074636010638e-01
-2.871111111111110947e-01	2.613333333333334174e-01	-1.244444444444436915e-02	2.836699356294369867e-01	-3.988885014173582100e-01
-4.711111111111110916e-01	-5.386666666666666270e-01	9.955555555555550828e-02	2.883678783952861036e-01	4.424579847674082744e-01
-1.822222222222222854e-01	-6.088888888888889239e-01	-1.511111111111110850e-01	4.508458317743977428e-01	5.314402053802567139e-01
3.644444444444439046e-02	-3.315555555555555478e-01	-2.186666666666666758e-01	6.812756215347390842e-01	-2.425092694505526225e-03
6.542222222222222605e-01	-2.568888888888888333e-01	-2.159999999999998588e-01	1.348852159549954466e-01	-6.514252599048091508e-01
2.755555555555555536e-01	4.097777777777777963e-01	3.911111111111120753e-02	-3.760290893866674589e-01	-2.806163337519604895e-01
2.942222222222221628e-01	-6.480000000000000204e-01	-2.773333333333333206e-01	7.578545409791583864e-01	1.130207042789523331e-01
-4.400000000000000577e-01	-6.648888888888888626e-01	-2.737777777777777866e-01	-3.458050455752906260e-02	7.662963003274799734e-01
-7.022222222222223031e-01	-6.835555555555555829e-01	-3.733333333333333504e-01	-5.256912804145827955e-01	6.173772395917890288e-01
-7.733333333333334281e-01	-7.928888888888889763e-01	-4.551111111111111884e-01	-7.672519375229396310e-01	3.635537505856247797e-01
-7.617777777777777759e-01	-7.928888888888889763e-01	-4.551111111111111884e-01	-7.588063888159076731e-01	3.808670758804716949e-01
-7.617777777777777759e-01	-7.920000000000000373e-01	-4.551111111111111884e-01	-7.581537331066282581e-01	3.820168319714654093e-01
-7.617777777777777759e-01	-7.928888888888889763e-01	-4.551111111111111884e-01	-7.588063888159076731e-01	3.808670758804716949e-01
-5.226666666666667238e-01	-1.866666666666666474e-01	-2.471111111111111702e-01	4.441843299762978092e-01	4.982463287033078725e-01
7.199999999999995293e-02	-1.128888888888888165e-01	-4.444444444444444753e-01	7.206876845949095056e-01	-1.665785431010256556e-01
4.986666666666668135e-01	1.368888888888889488e-01	-4.479999999999999538e-01	-1.805778628961335341e-03	-6.951993530766353846e-01
5.066666666666665986e-01	-3.199999999999991740e-02	-4.533333333333333659e-01	2.417966924196275069e-01	-6.859427541052607324e-01
9.866666666666668029e-02	-4.942222222222222849e-01	-1.448888888888888449e-01	6.696883700337499246e-01	6.447221611981343581e-02
-5.342222222222222650e-01	-6.026666666666666838e-01	5.333333333333334370e-01	1.922890805126754032e-01	9.846186785610747116e-02
-7.457777777777778727e-01	8.444444444444454412e-02	2.044444444444446507e-01	3.720023879806686473e-01	-1.236462118177239500e-02
-3.493333333333333290e-01	3.831111111111109579e-01	-2.133333333333333748e-01	4.086514527241275063e-01	-4.117446605271272708e-01
1.626666666666667371e-01	2.924444444444445068e-01	-4.586666666666667225e-01	2.228710191550592190e-01	-6.388466570679491863e-01
1.075555555555556264e-01	1.751111111111112173e-01	-4.168888888888888644e-01	4.061819185077654160e-01	-5.430447304127551389e-01
-1.706666666666667442e-01	-5.457777777777778061e-01	-3.706666666666666998e-01	4.387420406095564052e-01	6.575854602007522587e-01
-1.306666666666665977e-01	-6.293333333333334112e-01	-2.159999999999998588e-01	4.686023187369856013e-01	5.651709355201717244e-01
-2.915555555555555678e-01	-7.733333333333334281e-01	4.080000000000001403e-01	2.771265677422564688e-01	2.057289697090580183e-01
-3.964444444444444327e-01	3.004444444444445139e-01	1.484444444444444899e-01	1.730746015254667203e-01	-3.699344095837700519e-01
-2.684444444444444855e-01	-4.657777777777777350e-01	1.902222222222221815e-01	4.264900243321771423e-01	1.430519918594400641e-01
-6.097777777777777519e-01	-6.488888888888888484e-01	-1.519999999999999130e-01	-1.465880035475155552e-01	6.886776263100296003e-01
-7.315555555555556255e-01	-7.297777777777778585e-01	-5.288888888888889639e-01	-7.347480041486875724e-01	4.543501205665740339e-01
-7.324444444444444535e-01	-7.208888888888889124e-01	-4.675555555555555576e-01	-6.813656531622831469e-01	5.024251843859042221e-01
-7.324444444444444535e-01	-7.208888888888889124e-01	-4.675555555555555576e-01	-6.813656531622831469e-01	5.024251843859042221e-01
-7.706666666666667220e-01	-6.942222222222222960e-01	-4.675555555555555576e-01	-6.930270498647396193e-01	4.816204665559252196e-01
-6.266666666666667052e-01	1.119999999999998774e-01	-1.395555555555555438e-01	5.448124120162357586e-01	1.463465339165800627e-01
-3.226666666666666572e-01	-1.688888888888888662e-01	-5.573333333333333472e-01	5.530563355787947444e-01	5.619718219270182225e-01
-2.640000000000000124e-01	-6.622222222222222676e-01	-2.088888888888889017e-01	2.724736838768634928e-01	6.834602765052764095e-01
-5.244444444444444908e-01	-1.564444444444443860e-01	-2.844444444444443887e-01	4.576918459828288599e-01	5.028162256028593236e-01
-2.995555555555555749e-01	-6.533333333333333215e-01	-1.839999999999999414e-01	2.503451846593314212e-01	6.769215208992228616e-01
2.160000000000001918e-01	-3.893333333333333091e-01	-9.333333333333337922e-02	5.739438831881645831e-01	-2.417303164585433151e-01
2.222222222222220989e-01	3.911111111111120753e-02	-6.320000000000001172e-01	6.362411468373072587e-01	-4.299594385235727678e-01
5.422222222222217169e-02	-5.680000000000000604e-01	-5.608888888888889923e-01	5.995217428166645934e-01	6.100623702806746707e-01
2.782222222222223706e-01	-5.528888888888888742e-01	8.088888888888889905e-02	4.950553006801615141e-01	-2.247346548097251262e-01
9.066666666666667318e-02	-1.582222222222221530e-01	-3.475555555555555620e-01	6.789595149360261317e-01	-2.048126985896272234e-01
-4.666666666666666741e-01	1.315555555555555367e-01	-3.288888888888888973e-01	6.403104350900225006e-01	1.123977299739348790e-01
-5.893333333333333757e-01	-3.795555555555555904e-01	2.942222222222221628e-01	2.956993019712703119e-01	2.020428444523799105e-01
-5.066666666666667096e-01	-6.728888888888888697e-01	-3.199999999999991740e-02	5.812624778346558996e-02	6.364218550012747944e-01
2.826666666666666217e-01	-6.337777777777777732e-01	-2.026666666666666616e-01	7.268797674431917155e-01	4.339171251970574961e-02
-2.968888888888888689e-01	-3.342222222222222539e-01	-7.644444444444442599e-02	5.344081077353404208e-01	2.768807863808556147e-01
-6.151111111111111640e-01	-5.182222222222221397e-01	-5.448888888888889781e-01	-3.526039144842365580e-01	7.676308890514607075e-01
-7.626666666666667149e-01	-7.680000000000000160e-01	-4.942222222222222849e-01	-7.673580980072538527e-01	3.838987861045495831e-01
-7.617777777777777759e-01	-7.680000000000000160e-01	-4.942222222222222849e-01	-7.666868998133091750e-01	3.852374932486634096e-01
-7.626666666666667149e-01	-7.680000000000000160e-01	-4.942222222222222849e-01	-7.673580980072538527e-01	3.838987861045495831e-01
-7.626666666666667149e-01	-7.680000000000000160e-01	-4.942222222222222849e-01	-7.673580980072538527e-01	3.838987861045495831e-01
-5.484444444444445121e-01	-2.080000000000000737e-01	-1.537777777777776800e-01	4.259134807573780046e-01	4.536800733455150780e-01
-2.355555555555555181e-01	2.755555555555544434e-02	-3.902222222222222481e-01	6.919756511223366102e-01	1.568478218847735306e-02
-2.586666666666667114e-01	-1.777777777777778123e-01	-4.720000000000000306e-01	6.364966532159007651e-01	4.197956612815327837e-01
-3.822222222222222410e-01	-5.208888888888889568e-01	2.933333333333334458e-01	3.370046955812248668e-01	1.845695528729103807e-01
-1.688888888888888662e-01	-4.951111111111111684e-01	-3.262222222222222467e-01	5.121330074751602179e-01	5.663574752660811562e-01
2.968888888888889799e-01	-2.737777777777777866e-01	-3.840000000000000635e-01	6.801263535786392644e-01	-3.097597637798760184e-01
4.017777777777775672e-01	3.680000000000003268e-01	-3.902222222222222481e-01	-2.503308492075945746e-01	-5.964658249557501790e-01
7.342222222222223316e-01	-1.253333333333331856e-01	-2.026666666666666616e-01	-1.487288825962697070e-01	-6.154533534523540794e-01
6.533333333333333215e-01	1.155555555555556335e-01	-2.222222222222222099e-01	-3.252120209837064402e-01	-5.096182851859717422e-01
-3.644444444444444597e-01	-3.608888888888888702e-01	-3.351111111111111374e-01	4.142536418857329927e-01	6.169438837855969471e-01
-1.057777777777777484e-01	-7.377777777777778656e-01	2.862222222222223778e-01	3.980631208466012261e-01	1.674297101252923137e-01
1.155555555555556335e-01	-2.479999999999999982e-01	-1.173333333333334005e-01	5.479138698404901753e-01	-2.664865885839015625e-01
-2.124444444444445468e-01	-2.026666666666666616e-01	-1.928888888888888875e-01	6.301195901443523706e-01	1.256949464782506354e-01
-2.417777777777777581e-01	-2.275555555555556220e-01	3.662222222222220047e-01	2.362089023258253651e-01	-1.618870120632833753e-01
-3.840000000000000635e-01	-6.035555555555556229e-01	3.306666666666666643e-01	3.039358240499128172e-01	2.141255965385988613e-01
-4.560000000000000164e-01	-5.600000000000000533e-01	-3.840000000000000635e-01	-1.015563213282069666e-02	7.978850148798474207e-01
-7.439999999999999947e-01	-6.097777777777777519e-01	-4.293333333333333446e-01	-5.409350074741936520e-01	6.184558126959770474e-01
-7.537777777777777688e-01	-7.431111111111111667e-01	-5.297777777777777919e-01	-7.650334274800973944e-01	4.039519375429964643e-01
-7.840000000000000302e-01	-7.626666666666667149e-01	-5.831111111111111356e-01	-8.295640592506838829e-01	2.875164969486907474e-01
-7.866666666666667362e-01	-7.715555555555555500e-01	-5.742222222222223005e-01	-8.315326588278189046e-01	2.779546159995283094e-01
