-7.582222222222222419e-01	-6.835555555555555829e-01	-6.071111111111111569e-01	-8.455460706550299577e-01	2.429675417361477907e-01
-7.582222222222222419e-01	-6.835555555555555829e-01	-6.071111111111111569e-01	-8.265770512433394668e-01	2.939199268428560052e-01
-5.777777777777777235e-01	-1.759999999999999343e-01	-6.008888888888889168e-01	-5.846686048327734975e-01	6.479070431137082808e-01
-4.977777777777777635e-01	3.804444444444445850e-01	-5.644444444444445264e-01	5.108904439711439149e-01	5.082618341714746357e-01
-3.484444444444445010e-01	9.066666666666667318e-02	4.355555555555568059e-02	2.548394202829985522e-01	1.659672856924670203e-01
2.337777777777778621e-01	4.186666666666665204e-01	2.888888888888889728e-01	3.272885619408382740e-01	-3.045981726995417027e-02
-6.222222222222222321e-01	-3.422222222222222054e-01	-1.822222222222222854e-01	1.568279865633132875e-01	-4.551040303533477327e-01
-4.479999999999999538e-01	-7.057777777777778372e-01	-2.808888888888888546e-01	1.091875762116357451e-01	-5.403108364801736396e-01
3.200000000000000622e-01	-7.306666666666666865e-01	-8.800000000000007816e-02	4.774383985760876081e-01	-5.369849362023233486e-01
6.613333333333333286e-01	-7.022222222222223031e-01	2.897777777777779118e-01	2.976491796940783918e-01	-3.238954007096496168e-01
5.422222222222221610e-01	3.404444444444445494e-01	1.386666666666666048e-01	4.689062081325101605e-02	5.632485978833163820e-01
4.257777777777778105e-01	-4.177777777777780255e-02	-5.600000000000000533e-01	1.034019151746916609e-01	7.058324742907874372e-01
2.577777777777778834e-01	-7.511111111111111738e-01	-2.800000000000000266e-01	6.331434950214887003e-01	-2.318249361904089201e-01
-3.191111111111111232e-01	-2.782222222222222596e-01	-1.715555555555555722e-01	-2.908511749433292937e-01	-3.600617039923680318e-01
-3.760000000000000009e-01	-7.235555555555556184e-01	-2.133333333333333748e-01	2.576809143962949800e-01	-2.922108434028838353e-01
-7.422222222222222276e-01	-6.462222222222222534e-01	-2.168888888888890198e-01	-2.532500523694138916e-01	7.262278884477690877e-01
-7.653333333333334210e-01	-6.702222222222222747e-01	-4.835555555555555718e-01	-6.655476156313875347e-01	4.977715284723300826e-01
-7.600000000000000089e-01	-6.720000000000000417e-01	-4.942222222222222849e-01	-7.607901935195674481e-01	3.768887722419420050e-01
-7.600000000000000089e-01	-6.720000000000000417e-01	-4.942222222222222849e-01	-7.588063888159076731e-01	3.808670758804716949e-01
-7.600000000000000089e-01	-6.720000000000000417e-01	-4.942222222222222849e-01	-7.588063888159076731e-01	3.808670758804716949e-01
-7.875555555555555642e-01	-5.564444444444445192e-01	-4.933333333333333459e-01	3.144167975800038484e-02	7.999727797192679457e-01
-5.484444444444445121e-01	-7.288888888888889195e-02	-4.293333333333333446e-01	5.756507084104648397e-01	-2.855624500664402654e-01
-4.631111111111111955e-01	-2.933333333333333348e-01	3.973333333333333162e-01	7.457507054914522260e-02	-5.871852210208262646e-01
-2.666666666666667185e-01	-2.071111111111111347e-01	5.031111111111110645e-01	2.125073286176101528e-01	-6.741769836063276067e-01
-5.386666666666666270e-01	-1.484444444444444899e-01	-5.013333333333334085e-01	8.193978512891134658e-01	5.548487873035184981e-02
3.200000000000000622e-01	-6.942222222222222960e-01	-5.724444444444445335e-01	4.195892291493305004e-01	5.833838514812235143e-01
-2.968888888888888689e-01	-7.528888888888889408e-01	-6.577777777777782386e-02	-1.254523854365923174e-01	5.446395542585824590e-01
4.622222222222223120e-01	-4.995555555555556415e-01	6.053333333333332789e-01	5.599208926942804698e-01	5.267349975816966179e-01
-5.333333333333334370e-01	-1.911111111111111205e-01	-1.448888888888888449e-01	8.149312944171919204e-01	1.432497277970486982e-01
-6.400000000000005684e-02	-4.533333333333333659e-01	-2.097777777777777297e-01	1.508231836348812860e-01	8.588011937391182293e-01
-2.862222222222222667e-01	-7.200000000000000844e-01	-1.768888888888889843e-01	9.875667239503735373e-02	8.058207321921657673e-01
1.155555555555556335e-01	-2.408888888888888191e-01	-1.831111111111111134e-01	7.160827921143415598e-01	-1.144241322500368363e-01
-1.777777777777789225e-02	6.400000000000005684e-02	-1.804444444444444073e-01	5.756505712122137464e-01	-2.829896758986578109e-01
-4.284444444444444611e-01	-3.244444444444444797e-01	-3.164444444444444726e-01	-3.126329173669813999e-01	-3.416932713004031674e-01
-6.337777777777777732e-01	-7.315555555555556255e-01	4.151111111111112084e-01	2.930459305132873116e-01	2.151638157423370890e-01
-7.244444444444444464e-01	-5.955555555555556158e-01	-1.573333333333333250e-01	-2.415265198808344560e-01	6.245722407831852951e-01
-7.724444444444444891e-01	-6.533333333333333215e-01	-5.191111111111110787e-01	-6.688024754801433769e-01	5.099793048918549454e-01
-7.804444444444444962e-01	-6.560000000000000275e-01	-5.528888888888888742e-01	-8.363817822373649236e-01	2.978491042699300539e-01
-7.804444444444444962e-01	-6.560000000000000275e-01	-5.528888888888888742e-01	-8.472616401068583381e-01	2.679242601080758512e-01
-7.804444444444444962e-01	-6.915555555555555900e-01	-5.528888888888888742e-01	-8.477133481117326008e-01	2.667938617456570016e-01
-5.902222222222222037e-01	-7.688888888888889550e-01	-4.106666666666666798e-01	-8.246296322988218019e-01	3.295567327124114265e-01
-5.137777777777778887e-01	-7.617777777777777759e-01	2.737777777777776755e-01	-1.217638265438059919e-01	8.489647210504220887e-01
-4.257777777777777550e-01	-5.493333333333334512e-01	-2.773333333333333206e-01	3.556717891570684853e-01	1.692436950706264487e-01
-2.746666666666666146e-01	-7.848888888888889692e-01	3.342222222222224204e-01	2.541662456143951032e-01	-6.333261422461500256e-02
-5.155555555555555447e-01	-3.102222222222221770e-01	1.511111111111110850e-01	1.342397796150567868e-01	-5.073029983065509008e-01
-1.164444444444443505e-01	-5.333333333333334370e-02	-6.577777777777782386e-02	5.286914861354209405e-01	-4.559549258298697949e-01
5.768888888888887845e-01	1.502222222222222570e-01	1.093333333333332824e-01	6.796486970279069784e-01	3.949113485334798113e-01
5.733333333333334725e-01	1.324444444444444757e-01	-5.191111111111110787e-01	3.639501141425889319e-01	3.463345557570693400e-01
1.688888888888889772e-01	-7.555555555555556468e-01	-3.031111111111111089e-01	6.733805138179164151e-01	-2.897379444751455591e-01
6.577777777777777946e-01	-7.200000000000000844e-01	5.360000000000002540e-01	4.486711200070347405e-01	6.584233857385459743e-01
2.933333333333334458e-01	1.457777777777778949e-01	6.311111111111111782e-02	6.037878426693022993e-01	3.562477872927143352e-01
6.551111111111109775e-01	-1.413333333333333108e-01	-7.902222222222222703e-01	-3.671414342489890403e-01	9.440953375065841424e-02
5.484444444444445121e-01	-7.368888888888889266e-01	-7.831111111111112022e-01	-3.842885629621654031e-01	-5.728652491902670452e-01
4.933333333333334014e-01	-6.071111111111111569e-01	-1.368888888888890598e-01	5.772602611428645503e-02	-5.378326667482364876e-01
-8.000000000000007105e-02	-6.720000000000000417e-01	5.120000000000000107e-01	5.112371388943388606e-01	2.033294734407433413e-01
-6.871111111111111169e-01	-6.195555555555556371e-01	2.417777777777778692e-01	-3.259789758951585070e-01	6.233119046452080259e-01
-7.840000000000000302e-01	-7.066666666666666652e-01	-2.808888888888888546e-01	-6.778967516788582115e-01	5.054574020470762319e-01
-7.902222222222222703e-01	-7.155555555555556113e-01	-5.448888888888889781e-01	-6.586069717986089422e-01	5.314895446709855253e-01
-7.902222222222222703e-01	-7.102222222222223103e-01	-5.448888888888889781e-01	-6.586069717986089422e-01	5.314895446709855253e-01
-7.902222222222222703e-01	-7.102222222222223103e-01	-5.448888888888889781e-01	-6.586069717986089422e-01	5.314895446709855253e-01
-4.497777777777778319e-01	-6.915555555555555900e-01	-5.368888888888889710e-01	4.584911811165324202e-01	5.329671158178466150e-01
-3.546666666666666856e-01	-6.924444444444445290e-01	-2.933333333333333348e-01	4.314123455102193971e-01	5.279354038115974257e-02
-7.600000000000000089e-01	-6.462222222222222534e-01	5.288888888888889639e-01	2.176195892588378977e-01	6.184747714888638725e-01
-6.595555555555555616e-01	-5.520000000000000462e-01	-1.928888888888888875e-01	3.023884651453277450e-01	4.986334710501031942e-01
-3.546666666666666856e-01	-5.200000000000000178e-01	3.111111111111108940e-02	5.156066865925335030e-01	5.451879342571882558e-01
-2.897777777777778008e-01	-4.586666666666667225e-01	2.808888888888889657e-01	2.613456941676801648e-01	2.253903426263916265e-01
4.915555555555557454e-01	-1.866666666666672025e-02	-6.933333333333335791e-02	3.047990541580134494e-01	6.792275520757937723e-01
-1.955555555555554825e-02	-3.644444444444439046e-02	4.204444444444446205e-01	4.986029845877111288e-01	5.571206720661170397e-01
-5.395555555555555660e-01	-6.844444444444444109e-01	4.088888888888890794e-01	-1.523964961651735339e-01	-4.983803628586492840e-01
1.946666666666667656e-01	-6.862222222222222889e-01	-2.408888888888888191e-01	-1.347146370604427046e-01	-5.768049106013317662e-01
5.146666666666668277e-01	-4.586666666666667225e-01	-2.675555555555555465e-01	5.902768857457874052e-01	4.835026619350665800e-01
-9.155555555555561220e-02	-1.413333333333333108e-01	-2.844444444444443887e-01	5.010103617339638493e-01	3.131786623612591303e-01
-5.413333333333333330e-01	-6.533333333333333215e-01	-2.097777777777777297e-01	2.215748491035897383e-01	-5.155242319243682481e-01
-2.044444444444444287e-01	-6.515555555555556655e-01	1.635555555555556762e-01	6.328402479412618131e-01	2.928493153043729702e-01
-6.906666666666666510e-01	-4.755555555555555647e-01	1.484444444444444899e-01	-3.225245987692449412e-01	7.104706888453723446e-01
-7.084444444444444322e-01	-7.351111111111111596e-01	-3.866666666666667140e-01	-5.517628057723862334e-01	6.404768442025513542e-01
-7.573333333333334139e-01	-7.235555555555556184e-01	-6.275555555555556442e-01	-8.135257987943733671e-01	3.441307125810211809e-01
-7.573333333333334139e-01	-7.066666666666666652e-01	-6.302222222222222392e-01	-7.605547054014872854e-01	4.382643499815017107e-01
-7.573333333333334139e-01	-7.066666666666666652e-01	-6.302222222222222392e-01	-7.606942347464809018e-01	4.392752011904570986e-01
-7.573333333333334139e-01	-7.066666666666666652e-01	-6.302222222222222392e-01	-7.631540906070479746e-01	4.349699388313179593e-01
-6.977777777777778301e-01	-7.048888888888888982e-01	-6.097777777777777519e-01	1.434939278334290136e-01	7.890255250373213736e-01
-1.519999999999999130e-01	-7.706666666666667220e-01	-2.648888888888888404e-01	3.732814439158291253e-01	1.671605247337705213e-01
4.035555555555556673e-01	-7.386666666666666936e-01	4.622222222222227561e-02	5.227558814915120311e-02	-4.724685840008002735e-01
5.742222222222224115e-01	1.182222222222222285e-01	-8.977777777777773416e-02	4.060244916016605421e-01	2.202342573157315408e-01
-3.262222222222222467e-01	-2.044444444444437625e-02	-5.644444444444445264e-01	3.565273650005915673e-01	-1.891266096490017423e-01
-3.591111111111111587e-01	-7.208888888888889124e-01	-5.582222222222222863e-01	-2.913164340045426570e-01	-4.614616998178680540e-01
3.066666666666666430e-01	-6.035555555555556229e-01	-2.239999999999999769e-01	-1.451573762848498983e-01	-6.298871815567009813e-01
7.582222222222225749e-01	-5.333333333333334370e-01	-2.435555555555555252e-01	-2.240037527546016594e-01	-3.281316656850976621e-01
5.786666666666664405e-01	1.688888888888895323e-02	-5.377777777777776880e-01	-2.217275381538457157e-01	-6.010650347655084325e-01
3.439999999999998614e-01	-4.959999999999999964e-01	-7.288888888888889195e-01	7.246678831389263831e-01	-2.095548296030457225e-01
2.524444444444444713e-01	-5.760000000000000675e-01	8.800000000000018918e-02	4.979673857521860203e-01	1.237220388161479057e-01
-7.146666666666666723e-01	-5.120000000000000107e-01	4.551111111111110219e-01	2.336887191607121828e-01	-1.075742782073657033e-01
-3.066666666666666430e-01	-2.115555555555554967e-01	-3.360000000000000209e-01	6.203451850730768991e-01	2.754345936563593056e-01
1.448888888888888449e-01	-7.751111111111111951e-01	-3.226666666666666572e-01	3.927554989741521285e-01	7.311776431296207468e-02
-3.164444444444444726e-01	-6.906666666666666510e-01	-3.217777777777778292e-01	3.565490339508614603e-01	3.289521086623636292e-01
-6.044444444444444509e-01	-6.462222222222222534e-01	-3.262222222222222467e-01	-3.592836761674655932e-02	7.874103203932157902e-01
-7.991111111111111054e-01	-6.515555555555556655e-01	-5.635555555555555873e-01	-7.391152882372373778e-01	4.428514307150798190e-01
-7.982222222222222774e-01	-6.551111111111111995e-01	-6.151111111111111640e-01	-7.678162726696284857e-01	4.006471108509280787e-01
-7.920000000000000373e-01	-6.577777777777777946e-01	-6.160000000000001030e-01	-7.442543413367623817e-01	4.428830674239636056e-01
-7.928888888888889763e-01	-6.577777777777777946e-01	-6.168888888888889310e-01	-7.442543413367623817e-01	4.428830674239636056e-01
-6.684444444444445077e-01	-5.706666666666666554e-01	-6.000000000000000888e-01	-1.205618335585176004e-01	8.226265771169675167e-01
-2.124444444444445468e-01	-1.626666666666666261e-01	-3.911111111111111316e-01	8.510012719361378930e-02	-1.084127614027611819e-01
-4.871111111111111058e-01	-3.555555555555556246e-02	8.088888888888889905e-02	6.849676344228243785e-01	4.854399481223933832e-02
9.333333333333337922e-02	4.115555555555556744e-01	-4.800000000000004263e-02	4.524880645102298815e-01	5.301550501603815579e-01
2.079999999999999627e-01	1.964444444444445326e-01	-4.933333333333333459e-01	9.861113418756659033e-02	-2.421845922654833339e-01
1.875555555555555864e-01	-4.871111111111111058e-01	-3.146666666666666501e-01	7.027631549342107098e-01	3.487449693542228890e-01
1.777777777777767021e-03	-6.684444444444445077e-01	2.008888888888888946e-01	6.553401571952214288e-01	3.531520446832257520e-01
-7.884444444444445033e-01	-3.635555555555556317e-01	5.662222222222219603e-01	5.597811646092438753e-01	-1.749921195918031636e-01
-6.222222222222222321e-01	-1.724444444444445113e-01	-2.542222222222222383e-01	-3.154982926361716289e-01	-3.334343206736479215e-01
-6.711111111111111027e-01	-5.617777777777778203e-01	-5.911111111111111427e-01	2.683658558059400234e-01	-3.268126126891359173e-01
-2.551111111111110663e-01	-6.560000000000000275e-01	-3.982222222222221442e-01	5.507455252848244553e-01	-2.887594888296967643e-01
1.822222222222221744e-01	-6.808888888888888768e-01	-6.222222222222129062e-03	-1.314535243153649446e-01	-6.026245030561391269e-01
-1.351111111111110707e-01	-6.079999999999999849e-01	5.662222222222219603e-01	2.874204911726758738e-01	-6.699575328042539635e-01
-7.235555555555556184e-01	-7.448888888888889337e-01	-3.653333333333333433e-01	7.804668963969683126e-01	2.896142728629573782e-01
-6.515555555555556655e-01	-2.097777777777777297e-01	-3.653333333333333433e-01	4.424858749891770193e-01	7.159059385619181981e-02
-6.968888888888888911e-01	-6.782222222222222818e-01	-3.706666666666666998e-01	1.784182615382501891e-01	2.930661334446017507e-01
-7.742222222222222561e-01	-6.817777777777778159e-01	-5.431111111111111001e-01	-5.755423408575524036e-01	5.839921512925838609e-01
-7.777777777777777901e-01	-6.826666666666667549e-01	-6.160000000000001030e-01	-7.764140680949922491e-01	3.966751127686302114e-01
-7.840000000000000302e-01	-6.826666666666667549e-01	-6.168888888888889310e-01	-6.932249308341860150e-01	5.298690773375829277e-01
-7.840000000000000302e-01	-6.826666666666667549e-01	-6.168888888888889310e-01	-6.932249308341860150e-01	5.298690773375829277e-01
-4.977777777777777635e-01	5.191111111111113008e-01	-5.582222222222222863e-01	1.151060305081328394e-01	4.888990283160405403e-01
-2.311111111111111560e-01	-2.053333333333332567e-01	-5.448888888888889781e-01	5.774838418261628581e-01	4.905734583255424441e-01
3.057777777777777040e-01	2.275555555555555109e-01	-5.555555555555555802e-01	7.424329049772017131e-01	1.868345144690573556e-01
2.284444444444444500e-01	-4.808888888888889213e-01	-6.142222222222222250e-01	9.972020936832515225e-02	-6.733125707858346187e-01
-4.488888888888889483e-01	-7.617777777777777759e-01	-2.906666666666667398e-01	7.990004054959600754e-01	-1.419403641059904797e-01
-7.173333333333333783e-01	-1.519999999999999130e-01	-1.519999999999999130e-01	6.078993721564212027e-01	3.298377458047756505e-01
1.671111111111110992e-01	-6.177777777777777590e-01	5.031111111111110645e-01	1.498839816275922554e-01	2.991593053102981070e-02
-7.564444444444444748e-01	-3.075555555555555265e-01	4.062222222222220402e-01	4.065081769394225941e-01	-1.288424706139896792e-01
-3.582222222222221641e-01	-1.742222222222221673e-01	-4.533333333333333659e-01	6.552166107755932334e-01	3.311232031105388884e-01
-2.844444444444438336e-02	2.933333333333334458e-01	-2.720000000000001306e-01	1.721734046024349929e-01	-5.879282062468819126e-01
8.000000000000007105e-02	2.604444444444447004e-01	-5.404444444444445050e-01	-3.025241786631530094e-01	-6.130094913317323257e-01
-2.755555555555555536e-02	-5.644444444444445264e-01	-3.955555555555556047e-01	6.347796650855030975e-01	-5.357766677990731807e-01
-1.182222222222222285e-01	-5.777777777777777235e-01	8.711111111111113914e-02	8.004506813691864009e-01	-2.057765759182437204e-01
-2.577777777777778834e-01	-4.542222222222223049e-01	2.559999999999997833e-01	2.851675621526447157e-01	-4.957969845476462023e-02
-6.133333333333333970e-01	-7.191111111111111454e-01	-5.520000000000000462e-01	1.361583712576826533e-01	2.710457222263107369e-01
-6.755555555555555758e-01	-5.564444444444445192e-01	-4.933333333333333459e-01	4.436344153261153611e-01	4.091298236697141766e-01
-7.600000000000000089e-01	-6.720000000000000417e-01	-4.942222222222222849e-01	-8.426991679830276860e-01	2.487456438229138089e-01
-7.600000000000000089e-01	-6.720000000000000417e-01	-4.933333333333333459e-01	-8.319428861034128264e-01	2.823575207134120246e-01
-7.600000000000000089e-01	-6.720000000000000417e-01	-4.942222222222222849e-01	-8.477133481117326008e-01	2.667938617456570016e-01
-7.600000000000000089e-01	-6.720000000000000417e-01	-4.942222222222222849e-01	-8.477966106151095804e-01	2.662769256144515984e-01
-7.173333333333333783e-01	-6.213333333333332931e-01	1.644444444444445041e-01	3.230838668627791788e-01	1.498012255745933829e-01
-6.711111111111111027e-01	-7.111111111111112493e-02	-5.386666666666666270e-01	6.814583490746073391e-01	-1.532127700386302360e-01
-4.924444444444444069e-01	5.902222222222224257e-01	-4.426666666666666528e-01	5.588561052168418142e-01	3.060892014224957380e-01
-5.848888888888889026e-01	6.924444444444446400e-01	3.484444444444441125e-01	5.964250195738705074e-01	-2.357115914711899185e-01
-2.355555555555555181e-01	3.288888888888890083e-01	6.933333333333335791e-02	2.411563566590258501e-01	5.193295702695662763e-01
-8.711111111111113914e-02	-1.039999999999999813e-01	-4.337777777777777621e-01	3.411121620410736965e-01	5.619656603965903496e-01
-1.111111111111111605e-01	-7.582222222222222419e-01	-2.986666666666667469e-01	4.892784183786326735e-01	-3.280079628585291784e-02
-1.413333333333333108e-01	-7.911111111111112093e-01	5.342222222222223760e-01	6.427431018906260007e-02	-1.703906017625856917e-01
-3.466666666666666230e-01	3.111111111111108940e-02	2.586666666666666003e-01	-1.408269145270280576e-01	7.305042023510194271e-01
-8.977777777777773416e-02	3.182222222222224062e-01	1.093333333333332824e-01	5.764007445060881363e-01	4.913024872452975700e-01
3.537777777777779686e-01	3.822222222222222410e-01	-2.906666666666667398e-01	3.947931814872115419e-01	-4.976310757481655633e-02
3.520000000000000906e-01	1.084444444444444544e-01	-5.520000000000000462e-01	3.204297534882691312e-01	1.652480636114905532e-01
1.377777777777777768e-01	-7.662222222222222490e-01	-4.106666666666666798e-01	6.355397402870762713e-01	2.484811716278435001e-01
-1.333333333333333037e-01	-6.115555555555556300e-01	3.182222222222224062e-01	-3.475407580755565107e-01	-3.938009231844628033e-01
-4.355555555555555847e-01	-6.213333333333332931e-01	-5.448888888888889781e-01	3.330065647285853081e-01	2.109696260821671554e-01
-7.022222222222223031e-01	-7.102222222222223103e-01	-5.448888888888889781e-01	4.307926334840549432e-01	3.915389202995452345e-01
-7.582222222222222419e-01	-6.835555555555555829e-01	-6.071111111111111569e-01	6.593717943116239599e-01	3.304168032254435616e-02
-7.582222222222222419e-01	-6.835555555555555829e-01	-6.071111111111111569e-01	-7.581404949768086876e-01	3.821908621015145391e-01
-7.600000000000000089e-01	-6.720000000000000417e-01	-4.942222222222222849e-01	-7.588063888159076731e-01	3.808670758804716949e-01
-7.626666666666667149e-01	-7.119999999999999662e-01	-5.440000000000000391e-01	-7.607901935195674481e-01	3.768887722419420050e-01
-6.480000000000000204e-01	-3.333333333333332593e-01	-2.640000000000000124e-01	3.888068900386076887e-01	6.617306341477865450e-01
-8.622222222222231114e-02	1.795555555555556904e-01	-1.813333333333334574e-01	2.902485373884157727e-01	6.102534168638145129e-01
2.133333333333342630e-02	4.346666666666667567e-01	-9.333333333333337922e-02	-5.297382904168691509e-01	5.140582043788761712e-01
-6.666666666666665186e-02	-2.364444444444444571e-01	-3.777777777777777679e-01	6.173930180664035650e-01	3.942807244086655727e-01
-5.706666666666666554e-01	-7.422222222222222276e-01	2.880000000000000338e-01	2.100059326888488176e-01	-2.614222768101049921e-01
-4.444444444444444753e-01	-4.266666666666663055e-02	2.222222222222220989e-01	7.700562710777865139e-01	7.121291204241542161e-02
-2.551111111111110663e-01	-4.800000000000004263e-02	-3.902222222222222481e-01	2.014273912130529753e-01	-2.505378040665998673e-01
-3.031111111111111089e-01	-7.146666666666666723e-01	-5.475555555555555731e-01	-2.783986388548946311e-01	-5.986293625073946245e-01
2.204444444444444429e-01	-6.355555555555555403e-01	-1.191111111111112786e-01	7.871640483252073661e-01	-1.968220727730030650e-01
7.066666666666665542e-01	-5.066666666666667096e-01	-3.137777777777778221e-01	5.441190329056623254e-01	4.423306642243226006e-01
2.382222222222223351e-01	5.120000000000000107e-01	-9.244444444444455122e-02	7.871640483252073661e-01	-1.968220727730030650e-01
5.342222222222223760e-01	2.008888888888888946e-01	-5.262222222222222578e-01	5.441190329056623254e-01	4.423306642243226006e-01
3.093333333333332380e-01	-5.191111111111110787e-01	-5.128888888888889497e-01	2.631441772275371904e-01	8.044577554011813625e-01
-2.026666666666666616e-01	-5.795555555555556015e-01	1.297777777777777697e-01	-1.730212455878465394e-01	8.284370392320319354e-01
-5.066666666666667096e-01	-1.911111111111111205e-01	2.693333333333334245e-01	-4.146813128777173674e-01	7.305957576928305830e-01
-5.600000000000000533e-01	-6.293333333333334112e-01	-3.644444444444444597e-01	-6.802320835181610015e-01	5.555263544078108406e-01
-7.937777777777778043e-01	-6.577777777777777946e-01	-6.168888888888889310e-01	-7.442543413367623817e-01	4.428830674239636056e-01
-7.937777777777778043e-01	-6.577777777777777946e-01	-6.168888888888889310e-01	-7.442543413367623817e-01	4.428830674239636056e-01
-7.937777777777778043e-01	-6.577777777777777946e-01	-6.160000000000001030e-01	-7.442543413367623817e-01	4.428830674239636056e-01
-7.573333333333334139e-01	-7.066666666666666652e-01	-6.302222222222222392e-01	-7.453419167302026693e-01	4.402270971142627221e-01
-7.066666666666666652e-01	2.222222222222225430e-02	2.480000000000002203e-01	1.848974132937674930e-01	6.674595059372264716e-01
-1.048888888888888093e-01	4.951111111111110574e-01	-8.444444444444443310e-02	6.512793630905755471e-01	1.859195644104396639e-01
3.822222222222215748e-02	1.235555555555557516e-01	-5.475555555555555731e-01	2.845106748418219089e-01	-4.300860341940215825e-03
4.888888888888887063e-02	-6.480000000000000204e-01	-4.417777777777778248e-01	6.216269302437076316e-01	2.004160286363822485e-01
5.128888888888889497e-01	-7.955555555555555713e-01	-6.933333333333335791e-02	4.144695329037147991e-01	-4.829503959969847493e-01
5.457777777777776951e-01	6.400000000000005684e-02	5.333333333333412085e-03	-1.143626909020961646e-01	-3.004358892987787355e-01
-9.511111111111103522e-02	-1.128888888888888165e-01	-4.426666666666666528e-01	5.573397849865353582e-01	-3.014108729414918808e-01
-2.044444444444444287e-01	-7.608888888888889479e-01	-3.644444444444444597e-01	2.650116390795324017e-01	-5.553917150126934654e-01
-1.039999999999999813e-01	1.715555555555555722e-01	3.671111111111113878e-01	7.275484552998112697e-02	-6.947590445267899373e-01
-1.146666666666666945e-01	2.755555555555544434e-02	3.555555555555556246e-02	2.000353374453200384e-01	5.843635309034486136e-01
-2.506666666666667043e-01	-5.128888888888889497e-01	-3.697777777777778163e-01	4.129789019001161021e-01	2.484703011531430583e-02
-1.102222222222223325e-01	-6.222222222222222321e-01	-1.182222222222222285e-01	5.328105642089929761e-01	4.673450471804336814e-01
-1.928888888888888875e-01	-7.324444444444444535e-01	5.315555555555557810e-01	2.176574571803696068e-01	-6.249654617003075341e-02
5.439999999999998170e-01	-1.902222222222222925e-01	-7.688888888888889550e-01	1.661805871624640885e-01	-2.789870530135988291e-01
-3.138666666666666827e-01	-7.662222222222222490e-01	-4.915555555555555789e-01	4.597644633600855846e-02	6.797298001488359942e-01
-7.031111111111111311e-01	-7.404444444444444606e-01	-5.832000000000000517e-01	-5.199613144983248336e-01	6.025500029981278871e-01
-7.840000000000000302e-01	-6.826666666666667549e-01	-6.160000000000001030e-01	-1.904478284284292222e-01	8.514996585410583574e-01
-7.840000000000000302e-01	-6.817777777777778159e-01	-6.160000000000001030e-01	-7.612493358463650051e-01	4.267851493293605136e-01
-7.840000000000000302e-01	-6.817777777777778159e-01	-6.160000000000001030e-01	-7.612493358463650051e-01	4.267851493293605136e-01
-7.840000000000000302e-01	-6.817777777777778159e-01	-6.168888888888889310e-01	-7.606700649048208085e-01	4.274378272992914729e-01
